1
0 0 0 0 0
1 1 1 1 1
2
0 0 0 0 0
1 1 1 1 1
1 1 1 1 1
1 1 1 1 1
1 1 1 1 1
3
0 0 0 0 0
1 1 1 1 2
1 2 2 1 2
1 2 2 1 2
2 2 1 1 2
1 1 2 1 2
4
0 0 0 0 0
1 2 1 1 2
1 2 1 2 2
2 1 1 2 2
2 1 2 1 1
2 2 2 1 1
5
0 0 0 0 0
1 1 1 1 1
1 1 2 1 2
1 2 1 2 2
2 1 2 2 1
1 1 2 2 1
6
0 0 0 0 0
2 1 2 1 2
2 2 1 2 1
2 2 2 2 2
1 2 2 1 1
2 2 2 2 2
2 2 2 2 1
7
0 0 0 0 0
3 2 3 1 3
3 2 3 1 2
3 3 1 2 3
1 2 2 3 1
3 1 3 1 3
2 2 2 2 2
8
0 0 0 0 0
2 3 1 1 1
2 1 1 3 2
3 1 3 3 3
1 1 3 1 2
2 1 3 3 3
2 3 3 3 2
9
0 0 0 0 0
2 1 3 1 2
2 2 1 2 2
1 3 2 1 2
1 1 3 1 3
3 3 3 2 2
1 3 3 3 1
1 1 1 3 1
10
0 0 0 0 0
2 3 1 3 4
4 2 2 2 2
3 3 3 2 1
1 3 3 3 4
2 1 3 2 2
1 4 3 1 1
4 2 3 2 4
11
0 0 0 0 0
3 2 3 4 4
2 3 2 3 4
4 3 2 4 4
3 3 2 4 1
4 2 1 3 3
3 1 2 3 3
3 1 4 4 3
12
0 0 0 0 0
1 2 4 3 1
2 3 1 2 4
2 4 4 3 1
1 3 2 2 2
3 4 4 4 2
1 1 1 3 1
3 2 3 3 4
2 1 3 1 1
13
0 0 0 0 0
3 3 4 4 3
3 1 2 3 2
4 3 1 4 1
4 3 4 4 1
2 3 4 3 2
3 4 3 2 4
2 3 4 4 3
2 4 3 1 1
14
0 0 0 0 0
1 3 4 2 2
1 4 2 2 3
1 4 1 4 4
3 1 1 4 1
1 1 1 3 4
4 1 4 3 3
4 4 2 4 2
3 2 1 4 1
15
0 0 0 0 0
2 3 1 3 4
3 1 3 1 4
3 3 3 3 1
2 2 4 2 3
3 3 2 3 4
2 3 4 2 2
3 2 4 2 3
2 1 2 3 2
3 4 3 2 2
16
0 0 0 0 0
2 2 3 4 2
4 1 2 1 3
3 1 3 1 4
1 4 1 3 2
3 4 1 2 4
3 1 3 2 2
3 4 3 1 4
3 2 3 2 4
2 3 2 4 2
17
0 0 0 0 0
3 4 3 1 3
3 2 2 2 4
3 2 4 4 2
2 2 4 2 1
1 4 4 4 1
1 1 3 4 1
2 1 3 3 4
4 2 2 2 2
2 4 2 1 3
18
0 0 0 0 0
4 4 1 4 3
1 3 1 1 4
4 3 4 3 1
1 1 4 4 4
4 4 1 4 2
2 2 3 4 3
1 4 1 2 3
4 4 1 4 4
2 3 3 1 2
2 1 2 4 2
19
0 0 0 0 0
1 2 2 4 2
4 1 3 3 3
1 4 4 2 4
2 3 2 1 4
2 1 4 1 1
4 2 1 4 3
4 4 2 4 1
4 3 3 2 2
1 1 3 1 4
2 2 2 2 1
20
0 0 0 0 0
3 3 3 1 1
4 5 1 4 4
5 5 1 3 3
3 1 2 1 4
4 3 2 4 2
2 4 2 1 5
2 5 3 2 1
5 5 4 4 5
4 4 3 4 3
3 3 3 5 4
21
0 0 0 0 0
5 5 2 5 3
4 1 1 4 2
5 2 3 4 1
2 2 1 2 5
2 3 1 5 5
5 1 3 3 5
4 4 2 5 3
4 2 4 3 2
3 3 3 5 3
5 3 4 4 3
4 3 3 4 5
22
0 0 0 0 0
3 5 4 2 3
4 4 2 5 2
1 1 1 1 5
3 2 2 1 4
2 5 5 3 4
4 1 5 2 4
3 2 1 5 5
2 4 5 1 5
5 3 3 3 4
3 5 4 3 4
4 3 3 3 5
23
0 0 0 0 0
5 3 5 2 5
4 5 2 2 2
5 1 4 1 3
4 1 4 1 1
5 5 4 3 2
1 5 2 4 3
5 3 2 1 5
1 2 3 2 2
4 3 3 4 4
3 4 3 4 4
5 3 3 3 3
24
0 0 0 0 0
1 2 4 3 1
2 2 1 4 1
4 4 5 4 2
5 2 1 1 4
5 1 4 1 5
5 3 4 5 2
1 1 1 3 5
4 2 5 1 2
4 4 3 2 5
4 4 4 4 3
4 5 5 3 5
3 4 5 4 3
25
0 0 0 0 0
5 2 1 2 3
5 4 1 3 3
3 1 1 2 5
1 2 3 1 3
5 1 4 4 2
4 3 5 1 2
1 2 3 2 2
1 3 3 1 2
5 4 2 2 4
3 5 4 5 3
4 5 3 5 5
3 3 5 4 3
26
0 0 0 0 0
4 4 1 2 1
3 1 1 1 1
1 4 3 1 3
4 3 3 5 2
2 1 2 2 4
2 3 2 1 2
1 3 5 5 4
2 5 5 1 2
1 1 5 2 5
4 5 3 4 5
4 5 5 3 4
3 5 5 3 4
27
0 0 0 0 0
2 5 2 3 4
4 1 5 1 2
2 4 4 5 3
3 2 4 1 5
3 1 2 3 3
1 3 4 3 5
1 1 5 5 1
1 2 3 5 3
1 4 5 4 4
3 3 5 5 5
4 5 3 3 3
5 4 4 5 5
4 4 3 5 5
28
0 0 0 0 0
2 1 5 5 5
3 5 1 2 5
3 5 5 1 3
4 1 1 4 5
4 2 1 2 5
5 3 5 1 5
5 2 2 4 5
1 5 2 4 3
4 5 3 4 2
4 5 3 4 5
3 3 3 3 4
4 3 3 4 3
4 4 3 4 3
29
0 0 0 0 0
3 3 4 1 5
3 4 1 5 4
5 5 1 4 5
5 3 2 4 4
5 2 1 1 2
4 3 1 4 5
1 2 5 2 2
1 2 1 2 1
4 2 2 1 5
3 5 5 4 4
4 3 3 4 3
3 5 3 5 4
3 4 5 4 4
30
0 0 0 0 0
3 2 1 5 2
2 5 1 2 1
5 4 3 3 5
4 4 3 2 4
2 3 2 1 4
4 1 4 2 5
3 4 5 2 3
3 3 1 3 3
3 5 3 2 2
4 1 2 2 1
3 3 4 4 5
3 5 3 3 3
4 3 4 5 3
5 5 3 5 3
31
0 0 0 0 0
2 4 4 3 3
2 5 1 4 2
2 3 3 2 2
3 1 4 3 3
1 1 3 5 5
1 4 1 3 3
1 1 2 5 2
5 3 5 5 3
5 4 5 4 3
2 3 4 2 5
3 3 3 5 4
5 5 4 3 5
5 3 3 5 3
4 5 4 3 4
32
0 0 0 0 0
3 3 5 3 1
5 2 2 4 5
2 5 2 4 2
5 5 5 4 1
5 1 3 5 1
1 5 1 3 4
1 5 3 5 2
2 4 4 5 5
2 5 1 3 2
3 2 2 1 4
5 5 4 5 3
3 3 4 3 4
4 3 4 4 4
5 3 5 5 3
33
0 0 0 0 0
3 5 5 2 2
5 5 3 1 3
5 4 1 4 1
2 5 2 2 3
3 3 4 1 2
1 1 2 2 4
5 2 2 1 4
2 2 3 5 4
5 5 2 2 5
1 2 4 4 1
4 4 1 5 1
3 3 3 5 5
4 4 4 3 4
4 4 5 3 3
4 5 4 4 5
34
0 0 0 0 0
2 4 1 1 5
1 3 3 2 1
5 5 3 5 1
2 1 4 3 4
2 4 3 4 4
5 1 4 1 4
4 2 5 1 3
2 5 2 4 1
1 5 4 2 1
5 4 5 1 4
3 1 2 4 3
5 3 4 3 4
4 4 3 5 3
5 5 5 4 4
4 4 3 4 3
35
0 0 0 0 0
5 1 4 1 3
1 5 3 5 1
6 5 3 6 3
5 1 1 5 5
4 4 1 1 3
6 6 2 1 3
3 2 2 6 4
1 5 4 5 3
5 6 6 2 6
1 3 4 4 6
3 2 6 1 2
6 6 6 4 5
6 5 5 6 5
4 5 4 4 5
4 5 5 6 6
36
0 0 0 0 0
6 1 3 5 5
1 5 1 2 5
3 5 6 2 3
2 6 2 6 1
3 5 3 4 3
2 1 6 6 6
5 1 4 1 4
4 6 4 3 5
3 5 2 5 2
2 4 4 3 2
4 6 6 1 5
5 6 6 6 5
5 4 4 6 4
6 4 6 6 6
4 6 5 6 6
5 6 6 5 4
37
0 0 0 0 0
1 5 2 6 2
2 2 2 1 4
4 3 4 4 2
4 3 2 3 3
2 4 4 3 2
2 3 2 5 6
5 5 2 5 3
5 2 2 1 2
1 6 6 3 3
4 5 1 5 6
1 3 6 4 2
6 4 4 6 4
5 5 4 6 5
5 5 6 5 5
4 4 5 4 5
5 4 4 5 5
38
0 0 0 0 0
2 1 5 6 4
6 2 4 4 4
2 6 3 3 2
5 2 3 3 2
3 2 4 4 5
6 1 1 6 4
5 6 4 4 6
4 5 1 6 4
6 3 3 1 3
5 3 2 4 4
6 4 5 3 1
4 4 5 5 6
6 5 6 6 5
4 5 4 4 5
5 6 4 6 4
5 4 4 5 5
39
0 0 0 0 0
1 4 4 4 4
3 1 4 3 5
5 4 5 2 2
5 5 6 2 5
4 1 4 2 4
5 2 6 5 5
3 2 3 2 6
4 1 3 3 2
5 1 4 3 5
3 3 6 6 1
1 5 1 5 1
3 3 3 1 5
5 4 5 4 6
6 4 6 5 5
4 4 5 5 5
4 5 5 6 4
6 5 6 6 5
40
0 0 0 0 0
3 6 4 4 5
4 6 1 1 4
2 3 4 2 3
5 6 3 1 5
1 2 2 5 5
5 4 1 5 3
2 3 4 3 2
1 2 1 5 2
2 2 1 5 4
6 6 2 6 1
6 2 6 1 4
3 1 1 2 2
6 6 4 4 5
6 6 6 6 6
5 5 4 4 5
6 5 4 4 6
4 5 6 6 5
41
0 0 0 0 0
6 3 2 2 2
5 2 4 1 5
4 1 6 3 6
5 4 1 2 6
6 3 3 4 5
5 6 3 5 1
5 6 1 6 2
2 2 1 1 4
3 3 2 2 2
1 5 5 4 6
6 4 4 2 5
4 2 6 5 2
6 5 5 5 5
4 5 4 6 5
6 6 5 6 6
6 5 6 6 6
6 6 4 5 4
42
0 0 0 0 0
1 6 2 5 4
2 6 6 3 5
5 6 5 1 4
4 6 6 3 6
6 2 2 2 6
1 6 4 4 2
2 4 5 4 5
3 3 4 6 5
5 3 3 1 2
4 3 2 1 2
1 4 2 6 3
2 5 6 2 2
6 6 1 1 3
6 6 6 4 6
5 4 4 4 6
5 5 6 5 5
6 5 6 4 5
4 4 6 6 6
43
0 0 0 0 0
5 5 6 3 4
1 1 5 3 2
5 3 1 5 4
3 5 2 2 3
2 6 1 2 6
4 1 6 6 6
6 4 2 3 5
5 2 6 2 1
3 3 3 2 6
4 5 3 3 5
2 1 2 6 5
1 1 5 1 2
1 2 1 6 6
6 5 4 6 5
4 5 6 6 5
6 6 6 6 6
4 6 4 5 5
4 6 5 4 4
44
0 0 0 0 0
4 5 6 1 1
3 2 6 5 2
1 3 5 1 1
1 4 3 3 4
4 2 6 4 5
1 6 2 6 3
4 5 5 3 3
3 1 1 6 3
3 1 1 5 6
3 5 1 4 3
4 5 2 2 2
4 4 3 4 1
1 5 5 3 2
5 6 5 5 6
6 5 4 6 4
5 6 4 4 6
4 4 5 6 6
6 5 5 5 5
45
0 0 0 0 0
2 3 5 3 3
3 4 3 3 1
6 1 6 3 1
2 2 5 6 3
3 3 2 5 1
6 5 5 4 4
1 1 3 3 6
5 5 2 5 4
6 5 6 3 1
4 1 1 3 1
2 4 1 5 3
1 4 6 5 5
3 4 3 2 5
5 4 5 6 6
5 6 4 5 6
5 5 4 6 4
4 6 5 4 6
6 5 5 6 4
6 6 6 6 6
46
0 0 0 0 0
6 2 2 5 6
3 6 4 2 1
1 1 3 1 4
4 6 6 4 6
6 2 3 3 5
1 2 2 6 4
2 4 5 6 2
2 6 1 6 1
6 2 6 4 5
2 4 1 2 5
1 6 2 2 1
4 3 6 3 3
4 6 4 6 2
5 5 4 4 6
4 4 4 6 4
6 5 4 4 5
6 6 5 4 6
5 4 6 6 5
6 6 6 4 5
47
0 0 0 0 0
1 5 6 3 4
4 3 6 5 3
6 4 6 3 6
2 3 1 4 6
5 6 2 4 4
3 2 4 6 6
4 4 3 5 2
1 2 2 3 5
1 6 2 5 6
6 1 2 4 4
1 6 5 2 4
6 3 3 4 6
1 4 6 2 5
5 4 5 4 4
6 4 6 6 4
6 5 6 5 6
4 4 5 6 5
6 6 4 4 4
4 6 5 4 5
48
0 0 0 0 0
4 1 1 2 2
5 2 1 1 2
6 1 2 3 2
6 6 5 3 1
6 6 4 6 3
5 1 6 5 1
1 1 2 1 1
1 4 6 2 4
3 4 2 1 5
1 5 5 2 6
1 5 4 4 3
5 2 5 6 2
2 3 5 3 5
1 4 4 6 5
4 5 6 6 4
4 6 6 4 4
6 5 5 4 4
5 4 6 6 4
6 6 4 6 4
4 5 4 4 6
49
0 0 0 0 0
5 6 4 4 2
4 5 4 6 5
6 2 2 3 6
3 6 6 3 6
3 1 5 3 4
5 3 6 3 6
4 6 3 5 3
1 4 6 4 5
3 3 4 5 1
2 5 5 3 6
4 5 2 6 6
3 4 3 5 1
6 1 3 2 3
5 4 5 2 2
5 4 4 4 4
4 4 6 5 5
6 5 5 5 4
6 6 6 4 5
5 5 4 5 6
4 5 6 4 4
50
0 0 0 0 0
2 6 4 3 2
5 7 2 6 1
4 1 5 4 1
7 2 3 4 1
1 2 6 5 3
3 4 2 7 3
3 3 4 7 1
3 5 3 3 6
4 1 4 6 5
6 1 2 5 5
2 2 3 1 5
1 3 5 5 2
1 7 6 1 6
7 2 6 4 7
5 6 7 6 5
6 5 7 6 6
7 6 5 7 5
6 7 6 5 7
6 6 7 7 7
5 7 7 5 6
51
0 0 0 0 0
5 6 1 1 5
2 5 4 5 1
4 5 5 6 1
7 4 1 6 4
2 6 4 1 7
1 3 7 7 5
1 6 3 6 6
5 5 4 7 1
1 6 2 3 4
3 4 5 1 5
1 5 2 1 7
2 4 5 7 5
2 5 7 7 7
4 6 2 7 7
7 4 6 1 2
5 6 7 6 5
7 6 6 5 7
7 6 6 5 5
6 5 6 5 5
6 6 6 6 5
6 5 6 5 7
52
0 0 0 0 0
6 5 3 2 1
1 2 2 4 7
7 2 3 5 6
2 6 6 4 7
5 1 7 7 1
7 5 4 7 7
1 2 4 5 7
2 1 3 5 3
4 1 5 5 4
5 2 6 6 5
2 6 4 4 4
1 6 2 2 6
1 1 3 1 3
6 7 6 1 7
4 5 7 7 2
6 7 6 7 5
7 5 7 7 6
7 7 7 6 7
6 6 6 7 5
7 7 5 5 6
7 5 7 7 5
53
0 0 0 0 0
4 3 3 2 4
3 3 2 7 2
2 1 5 4 3
1 2 4 3 4
5 5 6 4 5
3 2 3 5 1
4 6 6 6 1
1 5 5 4 7
6 3 4 3 6
2 5 4 4 7
4 2 3 3 5
7 1 3 4 3
1 2 5 5 7
7 4 1 6 4
3 4 2 7 5
6 6 6 6 7
7 6 6 7 6
7 5 6 5 6
6 6 7 7 7
5 7 7 6 7
6 5 7 5 5
54
0 0 0 0 0
6 3 2 1 6
5 4 4 4 5
6 7 5 6 6
5 6 7 6 5
6 7 2 2 7
6 6 3 5 1
2 4 7 1 7
3 2 7 4 1
6 6 6 5 2
2 1 3 4 1
7 4 5 5 5
3 5 2 2 4
2 7 2 7 3
3 3 6 7 4
6 4 4 6 6
4 2 5 5 3
5 7 5 6 7
7 5 6 6 6
7 5 7 7 7
6 7 7 5 6
7 7 6 7 5
5 7 6 5 5
55
0 0 0 0 0
5 2 4 2 7
2 7 1 3 5
3 4 4 2 5
3 7 4 6 2
4 7 6 7 6
2 7 7 7 4
6 1 7 4 6
7 4 7 2 6
2 2 5 7 2
5 1 6 5 1
7 4 2 6 6
3 1 6 7 1
1 5 1 6 5
6 2 5 4 3
4 4 5 7 5
1 2 5 1 1
7 5 6 7 7
5 7 7 6 5
5 7 7 5 5
5 7 5 7 6
6 6 7 7 6
7 5 7 6 6
56
0 0 0 0 0
4 4 2 4 4
3 5 1 2 4
4 3 5 1 6
5 5 5 3 5
3 1 2 5 6
7 3 3 2 3
5 5 5 1 5
2 7 5 4 7
4 6 1 5 3
6 5 5 2 2
3 7 5 5 2
2 3 3 2 5
2 7 6 4 4
4 3 7 1 6
5 6 6 2 3
3 2 1 6 7
6 6 6 7 7
5 7 6 7 7
6 6 7 7 5
7 7 5 6 5
5 7 6 6 7
6 7 7 7 6
57
0 0 0 0 0
5 1 3 4 5
5 3 1 1 2
4 7 2 1 4
1 6 6 4 7
2 7 2 6 1
7 1 3 5 7
1 6 3 4 3
5 6 2 5 7
6 5 5 6 1
2 2 5 6 6
1 3 1 1 7
7 1 2 4 2
6 3 1 2 2
3 2 1 1 2
1 5 6 1 2
3 7 6 1 5
6 6 5 5 7
6 7 5 7 6
7 6 6 6 5
6 7 7 7 6
7 5 5 5 6
6 6 5 7 5
5 7 5 5 5
58
0 0 0 0 0
7 4 5 7 4
7 4 6 6 4
5 1 2 4 5
2 5 5 2 7
3 2 3 5 7
7 5 6 2 1
5 5 3 2 6
6 7 6 4 2
6 3 1 6 4
6 1 5 7 5
2 4 5 3 7
7 4 4 4 2
1 5 3 7 4
5 3 1 3 6
4 1 4 4 4
4 5 1 3 5
5 5 7 5 5
6 6 5 7 7
7 5 5 7 6
5 7 7 6 5
7 6 7 7 7
5 7 5 7 7
6 7 6 7 5
59
0 0 0 0 0
2 5 7 6 5
2 1 3 6 7
1 6 1 3 6
2 5 5 3 1
2 5 5 2 2
5 1 4 6 3
1 5 3 3 6
3 1 3 5 3
3 6 7 1 3
7 1 6 6 5
6 4 5 1 3
5 6 1 1 5
3 6 5 1 2
4 6 4 1 4
4 6 1 2 1
5 7 7 7 1
5 6 5 6 5
5 6 5 5 7
6 7 5 5 5
6 7 7 5 7
5 6 5 6 5
5 6 6 7 5
7 7 5 6 5
60
0 0 0 0 0
3 4 1 3 7
4 1 3 5 4
6 3 5 7 1
4 7 3 5 3
2 4 5 6 2
1 6 6 6 7
1 2 4 6 7
4 3 4 7 1
1 4 1 7 1
6 5 5 6 3
4 5 1 4 4
3 7 4 4 2
7 3 6 3 7
2 6 1 7 1
6 3 4 2 2
7 2 7 7 5
3 3 6 3 5
5 6 6 5 6
7 5 6 6 5
6 6 5 7 6
7 5 7 6 5
5 6 7 6 6
7 7 6 5 7
7 7 6 5 6
61
0 0 0 0 0
3 1 5 1 2
7 5 1 5 2
2 7 6 5 3
1 6 1 2 7
3 7 3 2 7
1 3 6 3 3
4 5 5 2 4
6 2 4 3 7
4 1 5 7 2
7 6 6 6 3
4 2 2 1 6
5 3 6 6 1
6 6 5 3 6
2 2 3 4 3
7 1 2 2 2
2 3 3 6 7
6 1 1 7 1
7 5 5 6 7
6 6 7 6 5
6 7 5 7 7
5 5 6 6 6
7 5 5 6 6
7 5 5 7 5
7 5 7 5 5
62
0 0 0 0 0
6 1 4 2 2
7 1 2 6 5
6 3 4 7 5
2 5 6 4 3
7 4 7 7 4
1 7 7 5 7
4 1 7 6 2
6 5 1 6 4
3 2 1 3 5
4 5 3 2 7
1 1 3 2 1
1 6 2 5 4
7 2 6 4 1
3 3 3 5 2
6 2 7 2 7
6 4 7 1 1
3 7 6 2 1
7 5 6 6 7
6 6 6 7 6
6 7 7 7 5
7 7 6 7 7
6 6 6 5 7
7 6 6 5 5
6 5 5 6 6
63
0 0 0 0 0
7 5 7 1 3
1 2 5 3 3
2 7 2 7 2
1 1 3 3 2
3 3 3 7 4
4 1 4 7 6
7 7 1 7 5
4 3 2 6 6
4 3 3 1 7
6 6 2 6 6
2 6 1 5 3
7 6 4 7 6
3 3 1 2 6
6 1 5 3 1
1 3 2 1 5
5 7 2 5 4
6 6 6 5 6
7 5 4 7 6
7 7 7 6 5
7 6 5 6 7
6 5 7 6 7
7 7 5 7 7
7 5 6 6 6
7 5 7 5 7
5 5 5 5 7
64
0 0 0 0 0
4 5 7 7 1
4 5 3 7 1
5 7 3 1 6
2 5 6 3 4
1 3 4 1 4
1 6 5 5 4
3 3 1 4 1
7 5 2 6 3
2 1 1 6 4
7 3 6 3 5
2 6 7 6 1
3 1 4 7 6
7 2 2 6 6
2 3 5 2 2
2 4 5 4 2
1 7 2 7 5
5 2 5 6 7
4 6 5 1 1
5 6 5 6 5
7 6 5 7 7
6 6 5 7 6
5 7 7 5 6
5 6 5 6 5
5 7 7 6 5
6 7 7 6 5
65
0 0 0 0 0
1 3 1 5 3
6 1 3 6 1
4 1 6 6 6
2 1 2 7 5
6 6 5 6 3
2 2 4 7 4
6 6 6 5 2
4 3 3 3 7
2 1 3 1 4
2 1 2 6 2
3 2 1 6 4
3 4 1 4 7
2 4 7 1 1
3 4 5 6 2
3 4 6 2 1
6 4 1 7 4
4 3 5 2 2
5 5 1 1 2
7 6 6 7 7
6 5 6 6 5
7 5 7 6 5
7 5 7 7 6
5 6 7 6 7
6 5 6 7 6
6 5 7 5 5
66
0 0 0 0 0
5 4 3 4 3
1 3 2 2 7
6 5 6 1 3
5 7 1 3 5
3 5 1 4 3
5 5 5 1 1
1 2 4 1 5
1 1 6 4 5
5 3 5 1 3
1 2 4 4 4
5 4 4 4 3
5 1 4 5 2
7 3 2 6 4
4 7 7 6 3
2 3 1 4 6
2 7 6 4 1
5 7 3 6 6
6 1 5 4 2
6 7 7 6 6
5 6 5 7 5
6 6 7 7 7
7 7 7 6 5
6 5 7 5 7
6 7 5 7 7
5 5 7 5 5
7 6 5 7 7
67
0 0 0 0 0
7 4 7 7 2
6 5 4 6 4
6 1 2 1 1
5 7 1 1 4
7 2 4 2 4
2 5 7 5 6
4 2 3 7 7
4 4 2 1 7
5 7 5 2 4
6 5 4 5 6
6 4 5 3 7
2 4 1 7 1
7 7 7 2 1
1 4 3 3 3
2 4 1 1 3
1 2 6 3 5
6 7 4 3 6
1 1 5 4 4
7 6 5 7 7
6 6 6 7 5
7 7 5 5 5
6 5 7 7 7
5 5 7 7 5
6 6 7 7 6
5 7 6 5 7
6 5 7 6 5
68
0 0 0 0 0
7 1 1 3 7
2 2 5 5 2
7 4 1 5 4
4 1 7 1 6
2 4 6 6 1
3 5 5 2 5
2 7 3 2 2
5 7 7 1 2
4 3 6 5 2
4 5 7 5 5
1 6 3 7 2
7 1 6 7 7
6 7 5 5 1
2 6 4 5 6
2 3 1 7 2
6 6 2 2 4
6 4 2 4 1
1 7 3 3 5
5 7 6 6 7
7 6 5 7 6
7 5 7 5 7
5 5 6 7 6
5 6 6 5 5
7 7 5 6 6
5 5 5 6 7
7 5 6 7 7
69
0 0 0 0 0
6 1 2 7 6
2 1 6 3 1
4 1 5 7 6
4 3 2 1 3
5 7 6 6 2
3 5 7 2 2
7 6 3 1 4
5 2 6 5 6
7 5 4 7 1
7 1 4 5 3
5 6 5 3 7
1 4 7 3 7
2 7 5 7 6
3 5 6 6 2
1 1 7 5 3
2 4 3 5 4
3 5 2 6 6
4 4 7 2 2
2 7 5 5 7
7 6 6 6 6
5 5 6 6 7
6 7 7 7 7
5 6 5 5 7
5 7 5 7 5
6 6 7 5 7
7 5 6 5 7
5 6 5 7 7
70
0 0 0 0 0
7 5 2 3 8
5 8 1 4 1
3 6 7 3 3
3 5 1 7 5
6 2 6 5 8
5 6 6 2 8
2 2 4 4 7
4 8 3 2 2
2 1 4 4 1
4 3 6 3 7
1 4 8 5 7
3 1 6 6 5
7 5 7 7 6
5 6 7 3 5
2 5 2 5 8
1 3 3 5 5
3 1 2 8 6
6 5 7 2 2
6 2 3 1 6
6 8 7 6 6
7 8 6 6 8
8 8 7 6 6
7 6 7 6 8
8 7 8 6 8
6 8 6 7 8
6 6 8 8 6
8 8 6 7 7
71
0 0 0 0 0
6 6 5 7 5
8 3 5 1 2
8 3 7 4 4
8 2 7 2 8
2 7 5 5 6
3 5 3 3 7
2 1 7 2 3
8 5 7 2 5
8 4 2 2 7
3 2 5 1 6
3 1 3 4 1
1 2 7 6 5
6 6 5 1 1
4 6 7 2 5
8 4 1 4 1
2 1 3 2 1
5 5 2 3 7
2 1 4 2 5
8 8 1 1 1
6 7 6 7 7
6 6 8 6 7
8 6 8 7 7
7 8 8 6 7
7 6 7 8 8
6 7 8 6 8
8 7 7 8 8
6 6 6 8 7
72
0 0 0 0 0
2 3 3 7 6
2 7 7 3 5
2 7 5 6 6
5 4 4 7 4
1 4 2 5 7
8 5 5 1 7
5 8 7 4 2
1 1 6 3 6
4 6 3 3 1
4 6 3 7 8
1 6 4 5 2
1 2 7 4 8
6 4 8 1 1
4 3 7 6 1
5 8 4 5 7
7 5 1 4 1
4 6 6 7 5
1 4 6 7 4
5 8 2 4 8
4 8 8 4 2
8 6 7 7 6
8 7 7 8 7
6 7 8 7 7
6 7 7 7 8
8 6 7 8 7
8 8 6 8 6
6 8 8 7 8
7 6 8 7 7
73
0 0 0 0 0
5 2 5 4 6
7 5 8 7 1
7 3 7 6 3
7 5 2 6 6
5 8 1 7 5
7 3 8 3 5
6 6 2 3 3
4 7 8 6 5
7 2 2 5 6
5 2 2 4 8
6 3 8 3 4
2 7 7 5 1
3 5 2 6 5
4 2 8 6 2
7 1 3 5 1
5 3 6 5 1
1 7 3 3 5
7 8 2 5 6
1 4 1 7 3
1 8 4 8 7
7 8 8 8 6
6 7 7 8 6
7 6 7 8 7
6 6 8 8 7
8 6 6 6 6
7 7 6 6 8
6 7 8 6 8
8 7 8 6 8
74
0 0 0 0 0
4 3 5 8 5
1 2 8 4 3
2 8 4 2 5
5 7 1 8 7
8 8 3 7 2
2 8 7 4 2
4 2 1 1 5
5 7 6 6 8
6 7 6 2 7
1 6 6 4 6
4 4 1 3 8
5 7 1 6 5
3 3 7 1 7
3 7 8 2 7
5 6 7 1 4
1 7 3 6 6
8 4 8 6 7
6 4 4 3 1
8 6 4 8 4
4 7 7 5 5
7 8 7 8 6
7 7 7 7 7
7 7 7 6 6
6 7 8 8 7
7 7 6 8 7
8 8 8 6 6
8 6 8 6 7
6 8 8 7 7
75
0 0 0 0 0
3 6 6 1 4
8 6 3 2 3
4 2 2 8 8
8 7 8 3 8
4 6 8 8 2
8 1 8 7 6
6 6 7 3 1
8 2 8 8 2
1 3 1 3 2
3 4 8 4 1
2 6 3 8 6
5 5 6 3 8
8 3 6 5 3
6 3 7 4 4
1 1 3 4 6
5 1 3 7 8
7 3 8 3 7
6 4 7 3 5
8 7 2 7 2
2 8 6 5 2
7 7 7 8 8
8 8 7 6 8
8 8 8 7 7
8 6 8 7 6
7 8 7 7 7
7 6 7 6 6
8 7 7 7 8
7 8 8 6 8
7 7 6 8 8
76
0 0 0 0 0
6 1 3 7 5
1 7 5 7 3
2 7 2 7 3
5 7 6 3 3
8 4 1 1 8
6 7 4 6 4
1 1 7 8 1
3 4 1 7 7
3 6 5 1 1
8 6 4 7 8
6 6 4 2 7
6 6 8 4 6
7 3 1 2 8
6 7 6 1 6
6 4 2 2 6
4 2 3 5 5
7 3 8 5 4
6 6 7 2 1
1 1 6 1 7
8 1 8 7 1
7 7 7 8 6
8 8 6 6 6
7 8 8 7 7
7 7 7 6 7
7 7 6 6 8
8 7 6 8 7
8 7 6 8 7
8 6 6 8 7
8 6 6 7 6
77
0 0 0 0 0
8 6 4 3 5
8 5 3 4 2
2 2 6 3 7
7 5 4 2 1
6 3 7 3 2
4 6 7 6 5
5 6 4 4 8
3 2 6 3 7
8 8 8 1 5
2 7 1 4 6
4 1 7 2 5
1 2 3 5 4
3 6 5 1 3
3 5 4 2 3
7 2 6 5 2
3 2 1 6 6
1 8 5 6 6
3 5 8 1 3
4 8 5 6 6
6 4 1 8 7
6 6 6 8 8
8 8 6 6 8
8 7 7 8 7
8 6 7 7 6
6 7 8 7 8
7 8 8 8 7
6 7 7 8 8
7 7 8 7 6
7 8 7 7 8
78
0 0 0 0 0
7 8 1 2 1
6 6 7 2 4
7 3 6 3 3
8 6 6 6 1
8 1 6 4 7
8 8 6 6 6
3 3 7 5 7
3 8 1 1 4
8 5 6 2 7
7 5 8 3 4
3 3 1 4 3
7 4 1 2 2
8 1 5 4 7
6 2 2 2 2
8 8 1 7 1
2 3 1 7 3
5 1 8 1 8
3 3 7 8 4
3 4 8 5 3
2 4 1 8 8
8 6 7 8 6
6 7 7 8 6
8 8 8 6 6
6 8 6 8 6
8 6 8 7 8
8 7 8 7 7
6 7 7 8 6
6 7 7 6 8
7 7 7 8 7
79
0 0 0 0 0
3 4 4 6 6
3 7 4 3 6
2 1 2 5 3
5 4 2 3 4
5 3 7 3 3
3 1 8 7 8
6 2 2 8 2
7 1 6 2 2
6 3 4 7 8
6 3 6 5 4
2 7 4 7 7
1 5 4 2 3
3 8 6 5 1
8 1 8 6 7
5 3 3 8 8
5 1 8 6 7
5 2 2 7 7
8 8 4 8 1
7 1 5 4 4
2 5 8 8 4
7 8 8 8 8
7 8 8 7 6
6 8 7 8 8
7 7 7 7 8
6 8 7 8 7
7 8 6 8 6
8 7 7 6 6
8 6 7 7 7
6 7 8 7 6
80
0 0 0 0 0
5 8 5 8 4
5 2 4 1 8
1 8 4 2 3
8 7 8 1 7
7 4 3 2 7
2 4 4 5 2
7 6 8 4 6
4 3 8 4 8
7 2 1 1 6
5 5 8 7 3
6 2 7 6 1
1 1 7 4 4
4 1 4 6 8
7 6 1 6 3
8 1 2 2 2
1 1 1 5 2
5 7 8 7 6
3 8 7 2 2
7 3 7 7 2
7 3 2 2 4
8 7 8 8 7
8 8 8 7 6
7 6 6 8 6
6 7 6 7 6
8 7 6 6 8
6 7 8 8 6
7 6 7 7 7
6 7 6 7 7
8 6 6 6 6
81
0 0 0 0 0
2 2 6 3 6
4 3 6 8 7
1 2 7 3 5
7 2 7 3 2
4 3 8 1 6
4 1 8 3 4
3 5 6 2 4
8 1 3 2 7
6 5 2 4 2
6 6 4 8 3
3 4 7 4 4
1 5 7 2 4
6 2 6 6 5
2 4 2 8 5
2 4 1 4 3
1 7 4 4 8
6 5 6 6 7
1 3 4 1 5
2 6 5 8 2
5 2 4 4 7
7 8 7 6 6
8 6 6 6 8
8 8 8 7 6
7 6 7 7 6
7 6 6 8 7
6 8 7 6 8
7 7 6 6 8
6 6 6 7 8
6 8 8 8 6
82
0 0 0 0 0
8 4 2 2 6
7 7 5 3 8
1 1 4 1 5
7 1 5 1 4
8 8 1 5 4
6 8 7 2 8
3 4 2 8 3
8 6 8 6 8
8 2 8 2 8
5 2 8 5 1
5 5 6 3 1
8 4 1 6 8
4 6 1 5 8
4 4 6 6 1
6 2 2 1 2
6 1 5 6 7
4 3 1 4 3
7 7 5 8 2
8 7 7 8 7
3 3 1 5 3
6 8 7 7 8
8 6 8 8 7
6 6 6 8 6
6 7 6 7 7
7 7 7 7 6
8 8 6 8 7
8 6 8 6 8
8 6 8 7 7
7 8 6 7 8
83
0 0 0 0 0
2 5 5 8 6
4 5 5 1 4
2 6 1 1 3
4 3 7 7 4
7 1 8 6 4
6 7 6 6 7
1 7 5 4 7
3 3 4 1 6
3 5 4 5 5
4 4 8 1 7
6 4 6 5 4
7 7 4 8 8
1 4 3 2 1
1 2 7 8 6
4 5 3 6 2
4 8 2 7 7
6 4 2 1 1
4 7 1 4 7
7 5 6 4 3
8 1 2 6 4
8 8 8 7 6
6 6 8 6 7
6 8 7 8 6
8 6 8 7 6
7 6 7 7 7
8 6 8 7 7
7 8 8 7 8
7 6 7 8 8
6 8 8 6 6
84
0 0 0 0 0
5 7 7 5 8
3 8 8 7 4
7 2 3 6 5
5 5 6 6 7
2 4 8 7 8
6 2 8 6 4
2 3 3 7 3
6 6 1 6 4
6 5 5 8 1
3 4 4 2 2
4 1 6 3 5
4 2 6 3 3
7 7 5 2 3
7 7 4 6 2
6 6 6 1 7
2 1 2 5 1
1 7 7 3 6
2 1 4 5 1
1 6 6 2 3
7 8 2 4 3
6 8 8 6 8
6 6 6 7 7
6 6 6 8 7
7 6 7 6 7
6 7 7 7 7
8 7 6 7 6
8 6 6 7 7
7 8 7 8 7
6 7 6 8 6
85
0 0 0 0 0
2 2 8 2 8
2 3 2 8 2
3 5 1 3 6
8 2 2 2 2
7 3 5 2 3
1 4 8 3 5
3 3 4 5 3
4 3 2 7 4
2 6 6 4 8
8 8 5 1 3
6 3 4 4 2
1 7 6 1 6
8 7 3 7 4
4 5 6 5 2
1 2 6 6 2
3 4 5 1 3
6 3 5 6 1
3 7 6 6 1
8 7 7 5 2
2 4 1 4 6
8 6 6 7 8
7 8 6 6 6
6 6 6 6 6
7 8 7 7 7
8 6 8 6 7
7 8 8 7 6
8 8 6 7 8
6 6 8 7 8
8 7 8 6 6
86
0 0 0 0 0
2 7 6 3 7
1 4 4 3 7
4 4 5 2 6
5 2 4 3 4
5 8 1 2 6
2 7 5 8 8
2 6 8 8 4
7 4 5 3 3
5 7 2 6 1
1 7 1 5 7
5 8 7 7 7
1 1 3 7 1
2 5 1 5 1
7 4 5 4 6
3 5 4 2 2
8 4 8 2 6
2 2 8 6 7
5 8 1 7 1
6 5 6 6 1
8 2 4 4 2
8 6 6 8 6
6 8 6 6 7
6 8 7 7 7
6 6 8 8 6
6 7 8 6 6
8 8 6 8 6
6 8 6 6 7
6 7 8 8 8
8 8 7 7 7
87
0 0 0 0 0
5 4 4 1 7
7 6 2 5 4
3 5 2 6 6
1 4 5 5 3
1 5 7 1 6
3 2 3 7 5
6 8 1 4 3
2 7 3 3 6
6 4 4 7 7
6 7 7 1 3
3 7 3 6 2
2 5 3 4 5
1 4 2 7 4
8 5 4 4 3
8 2 4 5 1
6 5 1 1 8
6 2 7 7 2
8 5 1 2 7
7 3 4 1 3
5 4 2 5 4
6 8 7 7 8
6 6 6 8 8
7 8 8 7 8
7 7 8 8 6
6 8 6 7 7
6 8 8 8 7
6 6 6 6 8
7 7 7 7 8
7 6 7 7 7
88
0 0 0 0 0
8 3 2 4 1
4 5 4 6 7
8 4 7 2 7
1 7 2 3 8
4 8 5 7 3
1 1 3 3 4
1 6 8 5 4
1 4 1 4 7
3 4 4 3 2
4 7 7 8 2
4 3 5 6 1
8 1 8 4 3
8 8 5 1 7
2 1 6 1 6
2 3 8 4 6
1 5 2 1 1
6 3 8 2 5
8 1 6 7 1
7 7 4 3 3
6 3 6 3 1
8 7 7 8 6
7 8 6 8 6
7 8 7 6 6
6 6 6 6 8
7 7 8 7 6
6 7 8 6 8
6 8 8 7 8
7 8 6 6 8
7 7 7 8 8
89
0 0 0 0 0
8 1 4 5 7
3 2 7 5 6
7 6 5 1 6
1 5 6 2 5
2 8 2 3 3
5 7 4 5 3
6 3 7 4 2
1 8 6 3 1
1 6 5 5 1
6 8 4 6 6
1 1 1 8 8
8 5 1 2 2
5 8 1 5 4
6 6 2 5 2
5 1 5 5 7
8 5 1 5 6
1 4 2 4 7
7 2 3 4 1
1 3 2 1 2
1 7 5 7 2
8 8 8 6 8
7 6 8 7 8
6 6 8 7 8
7 6 6 6 8
6 6 6 8 8
8 6 8 8 6
6 7 7 8 7
7 6 7 7 7
6 7 7 8 8
90
0 0 0 0 0
4 8 3 4 3
7 2 3 8 1
6 2 4 8 2
8 5 1 7 2
4 5 6 7 4
2 7 2 1 2
2 7 8 2 7
6 8 4 7 3
4 1 2 5 6
6 6 5 2 3
4 6 3 3 2
8 2 3 7 5
3 6 3 4 2
5 2 6 4 3
8 7 6 1 8
6 4 7 4 1
7 7 7 1 3
1 3 8 5 4
2 5 6 6 4
2 2 6 4 7
8 7 7 6 7
8 6 8 6 6
7 8 8 8 7
7 8 8 6 6
8 8 8 8 8
8 6 7 8 7
6 7 8 8 6
8 6 7 8 6
7 7 6 6 7
91
0 0 0 0 0
5 3 5 5 8
4 6 5 2 3
7 6 5 2 4
3 7 7 8 8
1 2 3 6 3
4 1 7 3 2
6 7 7 6 1
6 5 6 6 3
8 3 7 1 3
8 7 1 4 4
7 8 5 3 4
6 2 6 5 1
5 8 6 2 2
6 6 5 7 7
2 2 4 2 7
5 4 5 6 1
3 2 4 4 6
7 3 4 6 3
8 1 5 4 6
7 6 3 3 3
8 8 6 8 7
8 7 7 7 6
7 7 7 6 7
8 8 8 7 7
8 6 6 7 7
7 6 7 8 7
8 7 6 8 7
8 6 7 8 7
8 6 8 8 6
92
0 0 0 0 0
3 7 8 1 8
7 7 2 3 2
3 3 3 1 3
1 5 4 5 5
3 8 4 4 7
4 3 4 3 7
4 8 4 8 7
1 2 3 7 1
2 2 7 7 6
4 2 8 8 1
6 8 8 1 5
6 2 1 8 1
5 5 5 7 5
6 4 1 8 4
7 8 7 1 2
3 8 5 3 6
5 4 6 2 6
7 3 6 8 3
5 8 5 8 5
2 5 5 6 2
6 6 6 8 6
7 8 6 7 6
8 6 8 6 8
7 8 7 7 8
8 8 6 8 8
6 8 7 7 7
6 7 7 8 8
7 6 6 8 7
8 8 7 6 6
93
0 0 0 0 0
1 4 4 1 2
3 2 1 1 1
4 1 7 7 5
2 3 2 4 6
3 6 6 1 8
7 8 1 5 1
2 5 5 5 7
5 5 1 1 8
5 7 1 5 2
2 1 6 6 5
2 7 4 4 2
5 5 4 7 5
1 7 6 1 5
7 2 4 3 5
6 6 3 4 5
8 4 3 8 8
3 2 8 8 2
1 2 2 3 8
5 6 7 7 8
1 7 7 7 5
6 6 8 8 8
8 6 6 8 8
8 7 7 8 7
6 7 6 7 8
7 6 8 7 8
7 8 6 8 6
6 6 6 7 7
6 7 6 7 7
8 6 8 8 7
94
0 0 0 0 0
6 3 2 6 6
3 4 6 8 1
3 4 2 3 6
1 7 3 4 2
5 3 8 4 3
3 3 2 5 8
5 3 4 4 7
2 2 5 2 7
8 7 3 8 2
1 8 4 7 6
5 4 7 2 4
6 5 1 4 2
2 5 4 3 6
1 7 7 1 6
8 4 3 8 1
1 2 4 5 5
4 2 1 2 3
5 3 1 7 5
7 3 7 3 2
1 1 4 2 3
8 7 7 6 7
8 6 7 8 8
7 6 7 6 7
6 6 7 6 7
8 6 8 8 8
8 6 7 8 6
7 6 8 7 8
7 8 7 6 8
8 6 8 6 6
95
0 0 0 0 0
1 6 1 2 4
3 6 1 6 2
6 4 7 2 6
1 5 2 5 1
3 4 8 8 7
3 8 7 2 4
3 2 6 5 6
4 7 5 5 3
4 3 3 5 5
7 5 8 3 5
6 1 6 7 1
8 2 7 3 2
2 2 1 5 6
2 6 3 7 6
5 5 2 5 3
1 1 4 6 8
1 2 5 5 3
5 5 3 4 7
1 7 1 8 4
4 3 5 8 4
6 7 7 8 6
6 8 6 6 8
8 6 8 6 7
7 7 7 8 7
7 8 8 8 6
8 8 7 8 6
6 6 7 7 7
8 6 7 8 8
7 6 7 6 7
96
0 0 0 0 0
2 4 4 7 6
1 5 3 4 8
8 1 2 3 7
1 4 4 7 3
4 2 8 6 1
2 4 2 6 8
4 6 1 1 5
3 2 4 6 1
8 7 4 1 1
7 5 2 4 2
8 3 4 8 4
2 2 3 2 8
3 4 1 7 1
3 6 8 1 5
5 4 7 7 7
4 3 6 1 2
2 4 8 1 7
7 4 6 2 5
8 3 1 1 3
1 2 7 5 2
6 6 8 7 6
6 8 7 6 8
6 7 7 8 8
7 7 8 6 6
8 7 6 6 8
8 7 6 8 6
6 7 8 8 6
6 8 7 6 7
6 7 6 6 6
97
0 0 0 0 0
3 1 2 4 3
4 1 3 8 3
5 5 3 7 4
1 4 2 3 1
1 1 1 8 3
2 7 7 3 1
5 8 6 2 3
1 1 2 5 6
4 3 4 3 4
2 1 7 3 8
3 3 1 4 8
6 6 3 6 8
8 7 3 2 1
7 1 8 5 7
8 4 6 3 8
1 4 4 4 1
5 6 2 6 8
2 4 1 5 1
6 3 2 2 8
4 4 4 3 1
8 8 7 7 8
6 7 8 6 6
7 7 7 6 7
8 8 7 7 6
7 6 6 6 7
6 6 7 8 7
6 8 7 8 8
6 6 6 6 7
6 6 8 6 7
98
0 0 0 0 0
4 5 8 2 3
2 7 8 2 7
7 4 5 2 7
5 6 8 8 7
5 7 6 5 7
2 1 3 4 1
4 7 7 2 7
6 4 7 6 1
2 7 8 4 2
2 8 2 3 1
3 2 1 2 5
2 8 6 2 6
3 1 7 7 1
7 7 7 2 2
3 4 6 2 3
1 6 4 2 2
3 1 6 2 3
8 1 7 5 6
1 7 7 8 8
6 5 7 8 6
7 7 8 6 8
7 6 6 8 7
7 6 8 7 6
6 8 6 7 6
8 6 7 8 8
6 8 7 7 7
6 6 6 6 7
8 6 7 7 6
6 7 8 7 6
99
0 0 0 0 0
8 1 2 8 2
2 1 2 8 8
7 7 2 4 5
4 6 8 2 6
5 7 3 7 8
2 7 7 8 4
8 8 6 8 7
2 3 3 7 4
1 3 3 1 6
2 3 8 1 2
3 8 1 6 5
5 6 7 5 7
1 2 6 2 3
1 4 4 1 2
1 3 3 5 6
2 5 1 2 4
8 4 7 1 3
1 6 4 2 3
5 5 7 4 2
5 7 5 2 6
8 8 8 6 7
8 8 7 8 8
6 6 6 7 6
6 7 7 7 6
7 8 7 6 8
7 7 8 8 8
6 7 6 7 7
6 7 7 7 7
8 6 6 8 6
100
0 0 0 0 0
5 7 2 2 7
3 6 2 7 7
8 5 1 9 8
4 2 2 5 9
6 1 2 5 4
8 5 2 9 8
5 8 8 5 3
4 2 5 8 5
7 7 7 3 1
9 8 5 6 9
9 3 5 7 1
8 2 6 1 5
9 1 6 7 8
9 5 6 9 7
5 5 4 1 4
8 3 3 3 2
5 5 1 1 3
9 8 3 8 2
2 6 1 3 1
1 6 5 6 8
9 7 8 9 8
9 9 8 8 8
7 8 9 7 7
9 9 9 8 9
8 9 8 8 7
8 8 7 9 8
8 7 9 9 8
7 7 8 7 7
7 7 8 9 8
101
0 0 0 0 0
5 9 1 4 2
7 8 9 8 6
8 5 6 1 3
8 4 1 8 8
8 7 7 2 6
8 7 5 7 6
1 6 9 4 6
5 5 5 7 7
9 1 9 2 2
3 6 5 5 6
8 3 4 7 4
2 3 8 4 4
4 3 9 9 8
2 7 8 8 2
6 1 6 4 2
5 5 4 5 6
4 7 9 3 5
6 2 9 4 6
6 5 8 2 5
2 4 1 8 6
8 7 9 7 7
7 7 9 9 7
8 7 7 7 7
7 7 9 9 8
8 9 8 7 8
7 8 9 7 7
9 8 9 8 8
9 9 7 8 7
9 9 9 7 7
102
0 0 0 0 0
6 6 2 1 9
4 5 4 1 9
7 4 3 9 7
3 2 2 1 1
1 7 1 2 2
9 9 6 5 6
8 2 9 6 6
1 8 8 5 6
1 5 3 5 1
1 8 2 5 1
2 7 7 1 8
1 5 5 2 6
5 8 6 9 6
6 8 8 8 1
6 9 1 4 3
8 3 2 3 3
5 9 2 7 5
7 9 9 6 3
7 3 9 1 5
4 7 4 3 8
9 7 7 7 9
7 7 7 7 7
8 9 8 7 9
8 8 9 8 9
7 9 8 9 8
9 9 8 8 9
7 7 8 9 9
8 9 8 7 8
7 9 7 8 7
103
0 0 0 0 0
2 4 9 7 5
2 9 3 9 4
5 5 8 6 5
7 7 6 5 9
9 7 5 6 6
8 8 2 9 2
4 5 6 2 3
3 8 5 9 6
8 7 5 5 8
9 5 6 4 9
7 5 9 2 2
5 8 8 5 4
9 2 1 7 9
6 5 4 1 6
6 7 1 4 4
1 6 2 2 8
4 8 4 4 9
7 9 9 9 2
4 7 7 8 4
5 1 3 3 1
8 8 8 7 9
8 7 9 7 8
9 7 8 8 8
8 9 9 8 9
7 9 7 7 7
7 9 7 7 9
9 9 8 7 9
9 9 9 9 9
7 9 8 8 8
104
0 0 0 0 0
1 4 2 8 4
8 4 4 2 2
5 5 8 2 2
7 9 3 4 2
1 7 2 9 1
4 2 6 7 9
7 7 5 9 7
7 7 4 7 2
6 6 8 5 5
5 8 8 2 1
4 7 8 6 6
6 7 9 2 4
5 7 2 7 4
6 8 2 2 2
6 2 1 8 7
7 2 4 7 7
7 2 5 6 3
6 3 8 6 6
5 7 5 9 8
4 1 5 2 1
9 7 8 7 7
8 8 9 8 7
9 9 8 8 7
9 8 8 8 8
8 9 9 7 9
7 8 9 8 8
8 8 9 7 8
9 8 9 8 8
7 7 9 7 8
105
0 0 0 0 0
4 4 4 1 3
3 5 1 1 2
2 3 8 5 4
5 5 7 3 8
8 4 8 8 9
6 6 2 2 6
6 3 6 7 3
4 8 9 5 8
1 1 5 2 1
4 3 6 2 3
4 7 9 7 8
5 3 7 8 8
7 1 5 6 2
9 2 7 3 9
4 3 2 5 4
3 8 9 2 9
5 6 5 3 3
8 7 3 1 1
8 3 3 7 4
2 6 2 4 8
7 9 8 7 9
7 9 8 8 9
9 9 9 9 9
9 9 7 8 9
8 9 9 8 7
7 7 8 8 8
9 9 9 9 7
8 8 8 9 8
9 9 7 8 7
106
0 0 0 0 0
1 3 5 2 6
3 4 6 9 3
9 3 9 2 2
8 9 9 3 7
1 1 4 6 9
4 9 8 8 3
4 1 8 8 2
1 6 8 7 6
5 2 8 3 9
5 8 1 6 4
6 9 9 4 1
8 3 5 2 2
5 9 8 9 5
6 3 3 1 7
7 2 8 8 7
8 8 2 9 6
9 3 5 6 7
4 8 8 1 3
8 1 5 3 9
5 2 9 2 3
7 8 9 8 9
9 9 9 9 8
7 8 8 8 8
9 7 9 9 7
7 9 9 9 8
7 7 9 8 7
7 9 9 9 8
8 9 9 9 7
9 9 8 8 9
107
0 0 0 0 0
4 5 8 6 1
2 7 4 9 5
6 7 8 9 8
1 3 9 2 3
2 9 6 9 5
7 2 4 5 3
3 9 4 8 1
3 1 3 4 9
4 5 8 1 5
8 6 7 3 4
7 4 7 2 6
7 6 7 3 8
6 4 6 2 2
8 3 6 4 2
6 6 5 5 3
7 7 3 9 8
6 3 6 7 1
5 9 8 8 6
1 2 5 2 4
5 7 9 8 6
8 9 7 8 7
7 7 8 7 7
7 7 8 8 9
9 9 7 7 9
9 9 7 9 8
7 7 8 7 8
7 7 8 7 9
9 7 7 9 9
8 9 8 8 7
108
0 0 0 0 0
1 3 9 7 9
5 4 9 4 5
2 8 6 8 7
6 6 7 6 6
5 6 7 1 6
1 9 7 7 8
2 3 6 9 2
7 5 9 7 2
7 2 4 4 6
1 2 2 5 2
8 4 3 2 2
9 7 5 7 8
3 1 6 1 1
8 1 5 1 3
9 4 9 6 7
1 6 1 7 9
8 5 9 9 3
9 9 6 8 6
9 8 2 7 3
6 6 8 2 3
9 7 7 9 9
7 8 8 8 7
9 9 9 9 9
7 8 7 9 7
8 9 7 8 8
7 9 8 7 9
9 9 8 7 8
7 8 9 7 8
9 9 9 9 8
109
0 0 0 0 0
4 4 3 5 7
2 5 4 6 6
9 4 6 3 3
8 8 3 4 6
7 7 8 7 3
7 7 5 5 6
8 6 6 6 9
8 6 4 7 1
1 4 4 4 9
2 5 7 2 5
7 8 8 1 4
3 6 6 2 1
4 8 4 7 9
1 3 6 3 6
3 7 9 2 5
2 2 9 6 8
8 1 9 3 4
7 9 6 1 2
9 2 3 5 4
8 4 5 1 3
7 7 8 8 8
8 7 9 8 9
7 7 8 9 7
9 9 8 8 9
7 7 8 9 7
9 9 9 9 7
7 9 7 8 9
9 8 8 8 9
7 9 9 9 8
110
0 0 0 0 0
2 6 2 2 3
7 5 5 1 4
6 5 7 7 6
3 9 9 9 3
6 2 5 7 7
4 3 1 7 9
4 8 8 5 1
5 6 6 7 6
9 7 9 1 7
5 7 8 8 8
7 3 9 2 6
2 2 3 4 4
7 2 4 1 7
2 3 5 8 1
5 8 9 5 2
8 8 3 5 6
5 5 2 7 8
6 1 5 1 2
6 2 9 3 1
7 4 6 9 1
9 8 7 9 8
7 8 9 7 7
8 7 7 9 7
9 7 7 8 7
9 9 9 9 9
7 8 7 8 7
8 9 8 9 8
7 9 9 8 8
7 9 9 8 7
111
0 0 0 0 0
1 4 3 7 6
3 6 4 8 7
8 7 8 5 1
6 8 2 4 8
1 6 8 8 1
9 6 7 2 5
1 5 8 1 5
5 6 4 4 2
7 7 8 1 9
1 6 1 8 3
7 6 5 7 9
3 6 4 9 8
2 6 9 8 5
9 8 4 4 6
4 5 6 5 3
7 9 8 7 2
7 1 5 1 3
9 1 4 7 3
7 8 8 9 2
4 8 6 1 2
8 7 8 7 8
9 9 8 8 7
9 7 7 7 7
7 8 8 9 9
7 8 8 8 8
8 9 8 9 8
9 9 9 8 8
7 7 7 7 9
9 9 7 7 7
112
0 0 0 0 0
6 9 5 5 7
4 9 5 2 1
4 7 8 6 3
6 2 3 4 9
4 7 7 5 1
1 4 2 6 3
9 1 9 4 3
3 9 4 7 7
5 7 7 4 7
9 7 1 4 6
7 7 2 4 7
4 8 8 4 4
1 2 1 3 1
9 8 6 9 5
6 7 1 5 1
7 5 3 3 1
2 3 7 3 4
8 9 1 8 7
9 9 1 6 5
6 8 1 3 3
8 7 7 8 7
8 9 9 8 8
9 7 7 8 8
8 9 9 9 7
7 7 9 7 8
8 7 7 9 7
9 8 9 7 7
9 9 9 9 9
7 9 7 8 8
113
0 0 0 0 0
5 6 6 2 2
4 6 9 8 1
5 7 5 6 3
1 7 2 3 3
8 9 4 4 3
8 5 7 9 4
9 4 1 8 6
6 1 9 7 7
9 7 7 5 6
5 1 3 4 2
8 5 8 2 4
4 3 9 8 2
1 1 6 8 1
8 9 4 9 1
2 1 8 5 4
7 5 5 2 3
8 9 7 1 3
1 8 2 9 1
2 6 4 8 5
1 5 1 1 7
8 9 8 7 9
8 8 7 8 9
9 9 8 7 8
9 8 8 8 8
8 8 7 8 7
7 8 9 8 8
9 8 7 8 7
9 8 9 8 7
8 9 8 7 7
114
0 0 0 0 0
5 7 2 8 6
9 3 3 6 6
5 2 7 7 5
8 6 2 5 6
8 7 9 2 6
3 5 3 2 4
6 5 9 1 8
5 6 3 4 8
6 8 3 4 8
3 2 8 8 7
9 6 5 3 4
3 1 6 5 9
3 6 9 4 5
7 2 8 1 4
8 4 4 9 1
9 7 1 5 8
1 9 2 2 9
1 8 5 8 4
7 4 7 8 2
9 4 7 7 6
9 7 8 9 7
7 7 8 8 7
7 7 9 7 7
9 8 7 8 9
8 9 9 8 7
7 7 8 7 9
9 7 8 8 9
7 7 8 9 8
9 7 7 9 8
115
0 0 0 0 0
5 9 4 3 5
4 3 5 1 1
4 4 5 1 2
3 3 7 7 2
2 2 2 9 8
9 8 6 4 5
2 3 4 8 3
7 6 3 7 1
6 9 5 9 2
3 8 7 6 8
4 3 8 4 7
4 3 8 3 9
9 2 5 4 7
7 3 8 1 5
8 2 2 4 9
1 8 9 4 4
2 3 1 5 1
5 6 2 1 3
5 2 6 7 4
2 3 8 2 1
9 8 8 8 8
7 7 9 8 8
7 7 9 8 7
8 7 7 9 7
7 9 9 8 7
9 8 7 8 9
7 9 7 7 7
9 9 7 8 7
7 8 7 9 7
116
0 0 0 0 0
2 3 8 3 8
8 7 1 9 5
1 2 3 3 4
5 1 3 4 5
8 1 4 3 1
6 5 2 2 8
9 7 3 6 2
2 5 5 5 1
8 8 2 2 5
9 1 1 4 2
4 4 2 6 1
8 2 4 4 1
4 7 1 3 3
9 4 1 8 2
5 8 8 5 5
8 9 4 7 5
4 5 6 3 1
4 2 2 7 6
2 4 5 9 3
4 9 6 9 5
8 9 7 9 8
7 9 9 9 7
9 9 9 8 8
9 7 8 7 7
8 7 9 9 9
8 9 9 9 7
7 8 7 8 7
9 9 7 9 8
7 9 7 7 8
117
0 0 0 0 0
3 8 8 8 5
2 5 3 4 8
1 3 5 1 5
4 5 5 8 2
7 4 6 1 9
1 7 3 7 4
3 9 5 6 6
1 7 6 2 4
2 4 4 7 9
6 3 6 9 3
7 4 4 2 9
5 6 5 7 2
9 2 2 8 7
1 9 4 4 8
5 1 9 9 9
5 4 4 6 8
7 5 4 4 7
6 8 1 2 9
5 7 1 9 2
4 4 5 6 3
9 8 9 9 7
8 9 8 7 7
7 7 8 9 8
8 9 8 9 8
7 8 7 8 7
7 8 8 8 9
8 7 8 7 7
7 8 7 8 8
7 8 7 9 7
118
0 0 0 0 0
1 8 9 7 8
1 6 1 2 9
1 2 2 3 1
4 2 9 7 3
3 1 7 4 3
6 9 3 5 7
3 4 7 6 7
5 2 2 1 6
2 7 7 5 8
7 9 7 2 5
3 6 4 1 4
7 7 1 3 5
4 9 5 7 6
9 5 9 8 1
1 2 4 9 3
6 1 2 5 7
5 2 7 7 2
9 9 4 8 9
1 5 1 5 1
6 9 6 1 6
7 8 8 8 7
9 7 7 7 7
7 9 8 7 9
9 8 8 8 7
7 9 8 9 8
7 7 9 7 9
8 8 9 9 8
9 9 7 9 8
9 7 8 8 8
119
0 0 0 0 0
4 7 6 2 9
3 8 9 7 5
4 7 9 8 1
8 9 6 7 3
3 4 4 8 9
4 3 6 8 6
4 2 9 7 4
2 5 2 1 8
9 6 8 8 6
4 2 9 7 8
8 1 9 3 7
1 9 7 8 4
1 7 2 1 1
9 6 6 5 9
9 4 6 1 1
9 2 3 4 8
5 9 7 5 7
9 5 1 7 7
7 5 5 3 6
9 7 4 8 3
9 9 9 7 8
7 7 9 7 8
8 7 9 7 9
7 8 7 8 9
8 8 9 8 9
9 9 7 7 8
9 9 7 8 7
7 7 8 7 8
7 9 7 7 7
120
0 0 0 0 0
8 8 5 3 7
2 3 3 5 3
1 7 2 9 1
7 4 6 2 1
3 5 4 6 2
6 6 9 1 2
4 4 8 4 5
5 9 3 8 8
3 4 2 3 3
6 6 2 7 9
4 5 6 4 2
2 1 6 3 3
8 1 7 3 8
6 3 9 5 9
7 4 2 2 5
5 5 2 3 9
1 7 2 7 7
4 7 2 4 3
9 8 6 9 3
7 4 6 3 5
8 7 8 9 9
7 7 7 9 9
7 7 9 8 7
8 9 8 9 7
7 8 9 9 9
8 9 9 7 7
8 9 7 9 7
7 9 9 9 9
7 7 8 7 8
121
0 0 0 0 0
7 6 3 1 6
5 1 8 6 6
7 4 5 5 5
7 2 3 5 8
9 1 5 2 5
2 8 1 4 4
6 9 4 4 3
8 7 5 6 8
5 5 8 2 8
7 1 5 5 1
5 1 5 7 9
1 4 7 8 4
6 5 9 4 5
2 7 7 8 1
8 1 6 2 1
7 6 1 8 2
6 5 2 9 1
7 5 3 4 7
8 6 1 7 8
7 3 2 9 9
7 8 8 8 7
8 7 8 8 7
8 8 9 9 8
9 7 7 9 8
7 9 8 9 9
9 8 9 8 7
8 7 8 9 9
7 9 9 8 8
9 7 9 8 7
122
0 0 0 0 0
5 8 5 3 6
9 5 2 7 6
5 9 7 2 9
9 5 8 4 1
6 2 4 2 9
1 6 9 6 2
2 5 3 3 9
9 8 6 5 3
8 1 6 5 2
3 5 1 1 1
2 1 2 1 8
8 6 2 4 8
3 2 5 3 6
7 3 7 1 6
5 7 8 3 4
6 1 5 5 1
5 5 7 4 9
6 6 3 5 9
8 5 4 1 3
9 6 5 9 7
9 7 8 9 7
9 7 9 9 8
7 9 9 8 8
9 9 7 7 9
7 9 7 9 8
8 7 9 7 9
9 8 7 7 7
7 9 8 9 8
8 9 8 7 9
123
0 0 0 0 0
5 7 9 6 8
8 7 3 3 3
4 5 8 9 6
5 5 3 9 2
6 4 7 1 3
7 7 1 4 1
6 6 8 4 1
3 8 6 7 4
1 6 4 6 3
6 2 5 7 7
2 2 5 2 4
4 8 9 8 2
7 9 6 2 7
3 7 5 3 9
8 4 4 6 6
9 4 3 4 7
1 2 6 5 1
3 9 3 7 9
7 3 1 1 3
8 3 7 3 9
7 9 7 8 7
8 8 7 8 8
9 7 7 7 9
8 8 9 9 8
7 9 9 7 8
8 9 7 9 8
7 9 9 8 9
8 8 7 9 9
7 9 7 7 7
124
0 0 0 0 0
6 4 5 4 6
9 3 3 6 4
5 6 7 1 1
2 3 5 1 2
7 9 8 7 5
9 3 4 3 8
7 1 1 5 5
3 9 8 9 6
8 1 7 2 7
2 4 6 9 3
2 7 6 5 8
5 1 2 5 2
5 8 8 5 7
4 8 5 5 6
4 2 1 9 1
9 9 5 4 3
8 7 6 1 1
5 4 3 2 8
8 6 7 8 1
9 9 6 7 2
7 8 8 7 9
9 7 9 8 7
8 7 8 8 9
9 7 9 9 7
8 7 7 8 9
8 9 8 9 8
9 7 8 8 8
7 9 7 7 9
8 9 7 8 9
125
0 0 0 0 0
6 3 9 6 1
7 8 2 7 7
3 3 8 3 8
4 4 1 4 2
7 6 4 1 9
7 7 9 4 8
6 4 9 6 5
1 1 9 1 3
7 1 2 3 5
4 9 6 8 5
6 8 6 2 4
8 5 7 1 7
7 8 2 1 7
7 9 6 8 7
2 6 8 9 5
8 8 2 9 3
8 9 1 7 3
4 7 4 5 3
8 8 5 7 5
4 4 3 8 3
7 7 9 7 8
7 8 9 9 9
8 7 8 9 9
8 9 9 7 8
9 7 7 8 7
7 9 9 7 9
7 9 7 9 9
8 8 7 9 7
7 9 7 7 7
126
0 0 0 0 0
4 9 7 1 8
6 1 3 9 4
1 6 7 6 1
8 5 3 2 7
3 3 4 3 1
1 1 8 7 1
3 5 4 6 5
2 6 9 2 8
1 9 8 3 7
1 5 9 6 8
9 3 6 9 3
5 3 5 1 3
3 1 2 3 7
2 5 5 2 4
5 6 4 9 5
9 9 7 2 4
8 6 9 8 1
2 2 7 8 3
5 4 5 9 9
2 7 9 1 4
9 9 8 7 8
9 7 7 7 8
7 8 9 7 9
9 7 8 7 7
7 8 8 9 8
9 9 7 8 8
8 9 7 7 7
8 9 7 9 7
8 8 9 9 7
127
0 0 0 0 0
6 7 8 3 5
6 3 9 3 5
5 7 2 8 1
5 3 4 4 9
3 2 4 1 5
8 2 5 4 5
3 9 9 1 4
1 1 2 7 6
4 3 9 6 6
5 9 3 5 4
2 2 6 2 7
8 9 6 1 1
8 1 5 5 4
8 5 7 9 5
7 3 8 1 3
8 1 9 7 5
1 8 9 6 1
5 6 9 9 5
6 7 3 2 9
2 3 5 3 8
8 7 9 7 9
7 9 7 9 7
9 7 7 9 8
8 7 7 7 8
8 7 7 9 8
8 8 9 8 7
8 9 9 9 7
8 8 9 9 9
9 9 7 8 9
128
0 0 0 0 0
2 8 9 3 4
2 6 4 2 4
3 2 6 9 7
5 5 2 4 8
9 6 8 4 8
7 4 4 1 5
4 1 7 3 5
7 9 4 2 1
4 9 1 2 1
3 5 7 7 3
2 3 5 6 3
1 4 6 6 2
3 4 5 4 2
3 6 6 2 6
2 7 6 5 5
6 9 4 5 5
5 7 9 8 4
8 4 2 9 8
4 5 3 9 7
1 5 4 7 4
8 7 7 7 9
7 9 8 8 8
9 7 9 9 8
9 9 8 7 9
8 8 9 8 7
7 9 7 7 9
8 9 9 9 7
7 9 8 7 8
7 8 9 9 8
129
0 0 0 0 0
6 9 2 7 2
7 1 5 6 2
6 8 4 8 4
3 7 2 6 4
2 4 8 8 3
5 6 6 5 9
4 9 4 9 8
8 6 2 6 3
8 9 7 4 3
5 7 7 4 2
5 7 8 4 9
1 2 1 1 5
7 3 6 8 1
7 4 4 6 6
8 5 6 6 6
2 4 8 3 4
8 6 8 8 8
9 1 2 8 2
8 1 3 2 5
5 8 2 8 9
9 7 9 7 8
7 9 7 8 7
7 8 8 9 9
7 9 8 7 7
7 8 8 8 7
8 7 8 9 9
9 7 9 7 7
9 8 7 8 8
7 9 9 7 9
130
0 0 0 0 0
9 8 7 4 1
2 3 5 2 9
4 2 3 7 1
5 5 2 2 6
5 7 6 1 5
5 8 7 2 4
6 6 9 4 7
9 6 1 1 3
2 9 9 4 4
9 3 3 5 7
3 5 2 7 6
5 8 1 4 1
2 7 8 1 2
6 5 6 3 4
7 8 3 8 2
9 1 6 9 2
9 2 9 7 5
1 7 4 4 9
4 5 6 5 7
3 9 7 9 3
8 9 9 9 7
8 8 8 9 8
9 8 7 9 9
9 8 9 9 9
9 8 9 8 9
7 9 7 8 7
7 9 9 7 7
9 7 9 8 7
8 8 7 9 9
131
0 0 0 0 0
5 8 1 7 9
6 6 6 4 5
1 4 8 3 8
2 1 5 6 6
2 8 1 8 5
1 7 6 8 4
9 4 6 9 6
7 4 6 9 8
2 8 8 8 9
1 9 7 6 7
9 6 8 1 1
2 1 2 2 1
1 3 4 6 4
3 1 8 4 5
3 8 8 1 3
2 1 7 5 1
6 3 2 4 7
5 4 4 6 6
6 2 5 9 4
8 8 9 8 8
7 9 7 7 8
7 9 9 9 9
8 9 8 8 7
8 8 8 8 9
9 7 7 9 9
7 8 7 8 8
8 9 9 9 8
9 8 7 7 9
7 8 7 7 7
132
0 0 0 0 0
5 2 8 8 9
2 7 1 4 2
3 5 7 2 5
3 2 4 7 5
9 1 7 8 3
1 8 1 5 2
1 3 1 9 4
4 5 3 8 9
3 1 6 3 2
3 3 7 9 4
2 4 8 8 6
5 2 1 5 1
4 2 5 7 8
9 6 2 4 4
9 1 7 5 1
2 8 4 9 2
5 8 7 2 3
8 9 8 8 2
7 7 3 2 9
1 9 3 2 4
8 8 9 8 8
8 7 7 8 9
8 9 9 9 8
8 9 9 9 8
8 8 9 8 9
8 7 9 8 9
9 7 8 8 7
7 9 7 9 8
7 7 9 7 8
133
0 0 0 0 0
8 5 8 6 9
7 5 7 5 2
2 5 5 1 4
8 5 6 1 9
8 4 3 9 3
7 8 6 3 2
6 2 4 5 6
2 5 6 1 6
9 1 2 8 1
8 4 9 9 1
4 1 2 1 9
8 9 9 7 8
8 1 6 8 4
4 9 4 9 3
6 1 9 5 1
2 8 5 8 6
6 3 1 5 1
4 9 8 5 9
3 7 6 8 9
9 7 6 8 1
7 9 9 7 8
9 9 7 9 8
9 7 8 8 8
8 9 8 7 8
8 8 8 9 9
7 7 7 8 8
8 7 7 7 7
9 9 8 8 7
7 8 7 9 9
134
0 0 0 0 0
2 4 1 2 6
1 3 7 8 4
7 3 1 4 7
7 5 2 5 8
4 6 7 6 7
6 8 5 7 5
3 6 8 6 3
4 2 6 4 1
6 4 7 2 8
9 2 5 4 6
5 5 8 8 4
7 1 7 2 3
8 2 7 8 7
8 9 9 1 4
6 4 6 2 9
1 4 1 1 8
6 2 9 5 6
3 7 5 7 3
8 1 3 2 3
1 1 4 9 7
7 7 9 7 7
8 8 7 9 8
7 8 8 9 8
9 7 7 9 7
7 9 7 8 8
7 7 9 9 7
7 8 8 9 9
9 8 7 9 8
8 8 7 8 8
135
0 0 0 0 0
9 4 2 5 7
6 6 2 4 2
6 6 1 6 8
2 5 3 6 1
1 5 8 3 7
1 5 7 4 4
2 4 6 9 7
8 4 1 7 4
3 9 9 3 2
9 4 2 5 2
7 3 8 5 3
3 1 1 7 9
3 7 7 2 1
2 9 7 6 1
6 3 4 3 6
6 2 9 9 2
5 7 2 4 8
2 7 3 8 2
2 9 7 8 6
4 4 3 3 3
7 8 9 9 8
7 8 7 7 7
9 7 7 7 7
7 9 9 8 7
9 7 8 9 8
8 7 9 7 7
8 9 7 9 8
7 9 7 7 7
7 7 7 9 8
136
0 0 0 0 0
5 2 6 5 9
5 2 9 8 1
8 8 7 8 3
6 7 7 9 8
5 8 5 6 8
1 9 3 5 8
1 8 8 3 3
3 2 7 3 9
3 8 6 5 1
1 8 9 6 2
4 1 7 3 9
6 2 1 7 8
9 1 4 7 2
3 5 9 8 8
7 9 3 9 9
7 7 7 1 2
6 6 9 3 4
3 6 7 9 6
9 6 3 7 1
7 9 6 6 1
7 8 9 7 8
8 7 8 8 8
8 9 8 9 8
7 8 8 8 9
9 9 8 8 8
9 8 9 8 8
8 7 7 9 9
8 9 9 9 7
9 7 7 7 8
137
0 0 0 0 0
4 8 2 5 4
5 6 1 9 3
7 5 4 1 1
8 4 5 4 5
2 7 9 9 1
5 2 8 6 3
4 9 3 4 9
7 4 8 9 9
7 6 7 3 5
7 4 6 1 7
3 9 8 6 1
6 4 9 1 5
9 9 3 3 7
6 8 3 6 9
5 3 3 3 1
4 1 2 5 6
1 9 5 6 7
8 8 8 2 6
5 4 8 1 2
3 6 4 4 1
9 9 8 9 9
7 9 7 7 8
8 9 7 7 7
7 9 9 7 9
9 8 9 7 9
8 8 7 8 8
9 7 8 7 8
7 7 8 7 9
7 7 9 9 7
138
0 0 0 0 0
3 4 5 1 7
9 6 5 3 5
2 7 2 2 7
3 3 9 3 5
2 3 5 8 2
3 9 2 6 2
1 2 1 7 9
3 1 3 8 2
4 8 4 2 3
9 4 5 8 2
3 8 6 5 1
9 2 2 5 5
8 5 7 6 6
8 7 1 4 2
5 1 2 8 7
7 2 5 5 9
6 2 4 5 6
1 2 4 6 1
6 5 2 3 1
8 1 7 5 3
8 8 7 7 9
8 8 9 9 7
8 8 9 7 8
8 8 7 7 8
7 9 9 9 9
8 8 9 8 7
7 9 7 8 9
8 9 9 8 8
7 8 9 8 9
139
0 0 0 0 0
6 3 5 7 7
6 3 9 6 7
8 2 8 5 3
9 2 2 6 5
6 8 1 2 1
2 7 4 9 1
3 8 1 8 4
8 1 7 6 7
4 5 9 5 8
7 2 8 4 6
4 1 5 8 3
6 2 2 2 9
3 1 2 6 6
9 3 1 7 4
4 5 6 8 6
9 7 3 5 6
5 8 5 3 7
9 2 6 5 6
3 7 5 5 3
3 5 6 3 5
7 9 8 8 9
8 7 7 7 8
7 7 8 8 9
9 7 8 8 7
7 9 7 7 7
9 9 8 7 7
7 9 7 8 8
9 7 7 7 9
9 8 9 8 8
140
0 0 0 0 0
6 7 7 8 5
1 6 4 2 1
8 3 5 2 5
5 2 9 3 7
7 8 1 3 8
5 3 7 7 8
7 4 7 8 5
4 1 1 9 4
7 1 8 4 2
3 3 5 2 3
8 5 9 7 1
9 2 1 6 2
9 8 9 7 5
9 7 3 8 6
7 8 1 1 9
6 7 4 9 5
1 4 5 9 9
4 5 9 1 9
6 4 3 4 5
3 5 4 9 4
8 8 7 7 8
9 9 9 8 7
7 8 7 8 8
7 8 7 8 8
7 9 8 8 7
7 7 7 8 7
7 7 9 7 9
9 8 7 9 8
7 9 7 8 7
141
0 0 0 0 0
1 6 4 1 9
3 2 5 9 3
5 9 3 2 8
9 6 6 9 6
6 8 2 3 8
5 8 1 1 4
6 4 5 4 9
6 2 5 5 9
8 3 8 5 9
2 4 3 3 4
6 6 7 9 5
6 6 4 6 1
6 7 3 1 7
8 1 5 5 8
7 7 3 4 3
8 2 2 4 9
4 7 9 4 4
9 6 2 5 5
2 3 9 4 8
3 6 5 5 2
8 9 8 8 9
8 7 8 7 7
8 8 9 7 8
9 8 8 7 7
9 9 9 9 8
9 9 8 9 9
8 7 7 9 9
7 8 9 7 7
7 8 8 7 7
142
0 0 0 0 0
8 1 5 5 2
5 2 6 4 3
7 3 8 3 7
4 6 6 1 2
1 3 8 9 7
2 9 9 2 4
5 3 6 7 3
5 8 1 9 5
9 5 8 1 8
9 6 6 3 2
9 9 8 9 8
9 9 2 1 5
4 3 3 8 1
8 2 6 7 9
3 3 7 8 1
8 8 2 9 6
9 4 3 9 2
3 9 8 7 7
9 6 6 9 2
5 6 3 3 2
9 8 8 7 9
9 9 8 8 8
7 8 7 8 8
8 7 8 8 8
7 7 8 8 8
8 7 8 7 8
7 7 9 9 7
8 8 9 9 8
9 8 9 8 8
143
0 0 0 0 0
9 8 4 9 4
7 8 4 7 6
3 2 1 6 3
5 6 7 5 9
6 3 2 7 2
8 4 6 8 2
9 1 8 3 3
1 1 2 1 6
8 4 5 4 7
6 4 8 8 5
4 5 7 1 2
6 7 3 7 5
9 2 3 8 1
8 3 7 3 6
3 4 3 6 4
2 7 8 4 2
7 9 3 2 8
6 8 3 6 3
1 7 3 8 7
9 3 5 1 2
8 7 7 9 9
7 9 9 7 9
9 8 9 8 8
7 7 9 9 9
9 9 7 9 8
7 9 9 8 7
9 8 7 7 7
9 9 7 7 8
7 7 9 9 8
144
0 0 0 0 0
2 4 4 6 8
9 9 3 3 5
6 7 1 8 5
7 3 1 1 5
5 4 9 2 7
7 8 6 2 4
5 4 9 3 7
9 3 5 7 4
2 1 3 2 1
1 6 8 1 5
3 8 4 6 2
5 2 2 4 2
5 6 5 6 2
3 3 1 1 7
8 9 8 5 9
5 6 8 5 7
3 1 7 6 8
9 6 9 9 4
6 3 1 3 8
2 9 7 9 8
8 7 9 7 8
7 8 8 9 8
8 8 7 7 9
7 7 9 8 8
7 8 9 8 8
9 9 9 8 7
8 8 8 7 9
9 8 8 8 8
9 8 9 8 7
145
0 0 0 0 0
9 3 6 4 4
7 8 3 9 2
6 1 4 7 7
6 3 5 5 7
7 4 2 5 1
6 3 6 6 1
5 9 9 3 8
7 6 3 2 4
8 9 8 1 7
1 1 6 2 6
1 4 4 2 6
9 2 9 2 8
9 8 9 8 4
6 8 6 3 6
6 3 4 5 5
4 8 3 4 2
3 5 5 5 7
8 9 4 2 5
1 1 4 8 1
8 3 2 7 7
8 9 7 9 9
9 7 7 9 8
7 7 9 9 9
9 8 8 7 8
9 9 7 8 8
8 8 7 8 7
8 7 9 9 8
7 7 8 9 8
7 7 9 9 9
146
0 0 0 0 0
9 3 1 3 4
9 1 9 7 3
5 5 5 1 6
8 1 9 7 8
3 4 9 4 4
3 4 3 3 9
2 1 1 2 9
2 8 3 5 1
9 6 9 8 6
8 1 2 2 7
9 8 9 8 5
9 8 7 2 6
2 2 4 2 1
4 8 1 5 6
9 2 4 8 6
6 7 3 9 8
1 8 3 5 2
3 5 2 2 9
5 1 9 5 8
4 9 5 2 8
7 9 9 9 9
7 8 9 7 7
8 8 9 9 8
7 8 8 7 7
7 7 7 8 7
8 7 9 7 9
8 8 8 7 8
8 9 8 9 9
9 8 9 9 7
147
0 0 0 0 0
9 7 1 2 4
7 7 8 4 7
8 3 1 6 8
6 3 4 7 4
7 8 8 5 2
1 8 9 1 4
6 9 8 6 7
1 6 8 8 1
2 6 9 9 6
4 2 6 1 9
8 9 9 6 6
3 2 5 5 1
9 1 6 1 8
4 2 2 2 9
7 5 1 2 6
6 5 4 4 9
4 7 8 4 9
3 5 5 9 2
3 5 9 1 9
3 7 5 5 5
9 9 7 9 8
8 7 7 9 7
9 9 9 7 9
8 8 8 7 9
7 8 9 8 8
8 9 8 9 8
8 8 9 7 7
8 7 7 8 7
7 7 8 8 9
148
0 0 0 0 0
7 2 3 2 5
8 8 9 9 5
6 7 3 2 7
2 8 5 3 6
2 7 5 9 8
7 9 4 2 8
3 3 2 6 7
1 6 7 8 8
5 5 5 1 4
3 9 1 6 7
5 8 1 3 2
6 2 1 5 4
9 3 9 4 7
5 4 5 9 8
9 4 1 6 8
8 9 5 2 9
6 5 1 3 8
5 5 2 9 5
5 6 2 6 9
6 3 6 4 7
9 9 7 9 8
9 8 9 7 7
9 8 8 8 7
9 7 8 9 9
8 8 8 9 8
9 8 7 8 7
7 8 7 8 8
9 9 8 7 8
9 9 8 8 7
149
0 0 0 0 0
5 9 4 1 2
1 1 5 4 4
8 9 4 9 6
9 6 1 8 7
7 9 6 2 8
7 5 5 3 4
5 1 7 6 4
4 3 9 8 9
1 8 6 8 4
1 2 5 4 4
5 1 1 7 8
8 7 7 8 7
5 2 9 5 1
1 3 1 1 9
3 2 6 1 8
1 6 5 5 1
3 7 6 6 1
8 1 9 4 8
9 9 2 3 3
8 5 1 6 3
7 7 9 7 9
9 8 7 8 7
7 7 8 7 8
9 9 7 8 8
8 7 8 9 8
8 8 9 8 7
9 9 9 9 8
8 9 7 7 8
8 7 7 7 7
150
0 0 0 0 0
2 2 9 3 4
3 6 6 8 1
2 2 9 1 3
5 5 1 5 6
3 8 8 2 5
3 1 3 6 9
5 5 6 1 2
7 5 6 2 3
1 6 7 3 3
1 6 5 4 3
6 6 3 3 6
8 7 7 5 2
5 6 9 5 4
8 4 2 5 9
6 6 2 7 8
8 2 8 9 8
5 4 8 3 2
8 5 6 6 2
9 4 9 2 7
9 4 2 4 2
9 7 8 9 8
8 9 7 9 9
9 9 7 8 7
8 8 7 7 9
9 8 7 7 8
8 9 7 7 8
8 9 8 8 9
8 8 8 9 8
9 8 9 9 7
